9, "10", 750000015, 1, 750000088
9, "10", 750000015, 2, 750000089
, , , , 0
9, "10", 750000016, 1, 750000090
9, "10", 750000016, 2, 750000091
, , , , 0
9, "10", 750000017, 1, 750000094
9, "10", 750000017, 2, 750000095
, , , , 0
9, "10", 750000018, 1, 750000092
9, "10", 750000018, 2, 750000093
, , , , 0
9, "10", 775020870, 1, 775031976
9, "10", 775020870, 2, 775031993
, , , , 0
9, "10", 775020872, 1, 775031978
9, "10", 775020872, 2, 775031979
, , , , 0
9, "10", 775020876, 2, 775031987
9, "10", 775020876, 1, 775031988
9, "10", 775020876, 3, 775031989
, , , , 0
9, "10", 775020877, 1, 775031985
9, "10", 775020877, 2, 775031986
9, "10", 775020877, 3, 775031990
, , , , 0
9, "10", 775020899, 1, 775032015
, , , , 0
9, "10", 775020900, 1, 775032016
9, "10", 775020900, 2, 775032017
, , , , 0
9, "10", 775020901, 1, 775032018
, , , , 0
9, "10", 775020902, 1, 775032019
9, "10", 775020902, 2, 775032020
, , , , 0
9, "10", 775020903, 1, 775032021
9, "10", 775020903, 2, 775032022
, , , , 0
9, "10", 775020904, 1, 775032023
