0, "GEMS Import Data", 1, 5, 1, 1, 1, 1
1, "2019 General", "11/5/2019"
2, -1, 100000275, "State Of Mississippi"
2, -1, 575001705, "Public Service Commissioner"
2, -1, 575001697, "Transportation Commissioner"
2, -1, 100000362, "District Attorney 05"
2, -1, 100000234, "State Senate 15"
2, -1, 100000085, "State House Of Rep 35"
2, -1, 100000285, "Choctaw"
2, -1, 575000496, "Supervisor 01"
2, -1, 575000497, "Supervisor 02"
2, -1, 575000498, "Supervisor 03"
2, -1, 575000499, "Supervisor 04"
2, -1, 575000500, "Supervisor 05"
2, -1, 575000506, "Justice Court Judge Post 1"
2, -1, 575000507, "Justice Court Judge Post 2"
2, -1, 575000508, "Constable Post 01"
2, -1, 575000509, "Constable Post 02"
3, 0, 775000001, "ACKERMAN COMMUNITY CENTER"
3, 0, 2890, "BEAT 3 COUNTY BARN"
3, 0, 2888, "BLANTON'S PIANO SERVICE"
3, 0, 2898, "BYWY FIRE DEPARTMENT"
3, 0, 2885, "CHESTER COMMUNITY CENTER"
3, 0, 2887, "FRENCH CAMP FIRE DEPARTMENT"
3, 0, 2889, "HEBRON ROAD"
3, 0, 2897, "MT HERMON UMC"
3, 0, 775000002, "PANHANDLE FIRE DEPARTMENT"
3, 0, 2894, "REFORM FIRE DEPARTMENT"
3, 0, 2896, "SHERWOOD COMMUNITY CENTER"
3, 0, 2886, "WEIR FIRE DEPARTMENT"
3, 0, 2899, "WEIR SCHOOL GYMNASIUM"
4, 2898, 6538, 575002363, "Bywy", 0, "7"
4, 2898, 6538, 22725, "Bywy", 0, "8"
4, 2885, 6524, 22683, "Chester", 0, "8"
4, 775000001, 6522, 22713, "District 5", 0, "1"
4, 775000001, 6522, 775001002, "District 5", 0, "1"
4, 775000001, 6522, 775001003, "District 5", 0, "1"
4, 775000001, 6522, 775001004, "District 5", 0, "1"
4, 775000001, 6522, 775001005, "District 5", 0, "1"
4, 775000001, 6522, 775000004, "District 5", 0, "2"
4, 775000001, 6522, 775000993, "District 5", 0, "2"
4, 775000001, 6522, 775000994, "District 5", 0, "2"
4, 775000001, 6522, 775000995, "District 5", 0, "2"
4, 775000001, 6522, 775000996, "District 5", 0, "2"
4, 2886, 6525, 22686, "East Weir", 0, "3"
4, 2886, 6525, 22687, "East Weir", 0, "3"
4, 2886, 6525, 775001116, "East Weir", 0, "3"
4, 2886, 6525, 775001117, "East Weir", 0, "3"
4, 2887, 6526, 22689, "French Camp", 0, "4"
4, 2887, 6526, 575000859, "French Camp", 0, "4"
4, 2888, 6527, 22692, "Fentress", 0, "6"
4, 2888, 6527, 775002731, "Fentress", 0, "6"
4, 2888, 6527, 22691, "Fentress", 0, "8"
4, 2888, 6527, 775000997, "Fentress", 0, "8"
4, 2888, 6527, 775000998, "Fentress", 0, "8"
4, 2889, 6528, 22695, "Hebron", 0, "5"
4, 2890, 6529, 22697, "Kenego", 0, "4"
4, 775000002, 6532, 22706, "Panhandle", 0, "3"
4, 2894, 6534, 22710, "Reform", 0, "5"
4, 2896, 6536, 22719, "Sherwood", 0, "5"
4, 2896, 6536, 775002424, "Sherwood", 0, "5"
4, 2897, 6537, 22724, "Southwest Ackerman", 0, "3"
4, 2897, 6537, 775000999, "Southwest Ackerman", 0, "3"
4, 2897, 6537, 775001000, "Southwest Ackerman", 0, "3"
4, 2897, 6537, 775002728, "Southwest Ackerman", 0, "3"
4, 2899, 6539, 22728, "West Weir", 0, "4"
4, 2899, 6539, 775001118, "West Weir", 0, "4"
5, 22683, 100000085
5, 22683, 100000234
5, 22683, 100000275
5, 22683, 100000285
5, 22683, 100000362
5, 22683, 575000496
5, 22683, 575000506
5, 22683, 575000508
5, 22683, 575001697
5, 22683, 575001705
5, 22686, 100000085
5, 22686, 100000234
5, 22686, 100000275
5, 22686, 100000285
5, 22686, 100000362
5, 22686, 575000499
5, 22686, 575000507
5, 22686, 575000509
5, 22686, 575001697
5, 22686, 575001705
5, 22687, 100000085
5, 22687, 100000234
5, 22687, 100000275
5, 22687, 100000285
5, 22687, 100000362
5, 22687, 575000499
5, 22687, 575000507
5, 22687, 575000509
5, 22687, 575001697
5, 22687, 575001705
5, 22689, 100000085
5, 22689, 100000234
5, 22689, 100000275
5, 22689, 100000285
5, 22689, 100000362
5, 22689, 575000498
5, 22689, 575000507
5, 22689, 575000509
5, 22689, 575001697
5, 22689, 575001705
5, 22691, 100000085
5, 22691, 100000234
5, 22691, 100000275
5, 22691, 100000285
5, 22691, 100000362
5, 22691, 575000496
5, 22691, 575000506
5, 22691, 575000508
5, 22691, 575001697
5, 22691, 575001705
5, 22692, 100000085
5, 22692, 100000234
5, 22692, 100000275
5, 22692, 100000285
5, 22692, 100000362
5, 22692, 575000496
5, 22692, 575000507
5, 22692, 575000509
5, 22692, 575001697
5, 22692, 575001705
5, 22695, 100000362
5, 22695, 575000497
5, 22695, 575000506
5, 22695, 575000508
5, 22695, 575001697
5, 22695, 575001705
5, 22695, 100000085
5, 22695, 100000234
5, 22695, 100000275
5, 22695, 100000285
5, 22697, 100000085
5, 22697, 100000234
5, 22697, 100000275
5, 22697, 100000285
5, 22697, 100000362
5, 22697, 575000498
5, 22697, 575000507
5, 22697, 575000509
5, 22697, 575001697
5, 22697, 575001705
5, 22706, 100000285
5, 22706, 100000275
5, 22706, 100000234
5, 22706, 100000085
5, 22706, 575001705
5, 22706, 575000499
5, 22706, 575000507
5, 22706, 575000509
5, 22706, 575001697
5, 22706, 100000362
5, 22709, 100000285
5, 22709, 100000275
5, 22709, 100000234
5, 22709, 100000085
5, 22709, 100000362
5, 22709, 575001705
5, 22709, 575001697
5, 22709, 575000508
5, 22709, 575000506
5, 22710, 100000085
5, 22710, 100000234
5, 22710, 100000275
5, 22710, 100000285
5, 22710, 575001705
5, 22710, 575001697
5, 22710, 575000508
5, 22710, 575000506
5, 22710, 575000497
5, 22710, 100000362
5, 22713, 100000362
5, 22713, 575000500
5, 22713, 575000507
5, 22713, 575000509
5, 22713, 575001697
5, 22713, 575001705
5, 22713, 100000085
5, 22713, 100000234
5, 22713, 100000275
5, 22713, 100000285
5, 22719, 575001697
5, 22719, 575000508
5, 22719, 575000506
5, 22719, 575000497
5, 22719, 575001705
5, 22719, 100000285
5, 22719, 100000275
5, 22719, 100000234
5, 22719, 100000085
5, 22719, 100000362
5, 22724, 575001697
5, 22724, 575000509
5, 22724, 575000507
5, 22724, 575000499
5, 22724, 100000362
5, 22724, 100000285
5, 22724, 100000275
5, 22724, 100000234
5, 22724, 100000085
5, 22724, 575001705
5, 22725, 100000085
5, 22725, 100000234
5, 22725, 575001705
5, 22725, 575001697
5, 22725, 575000508
5, 22725, 575000506
5, 22725, 575000496
5, 22725, 100000362
5, 22725, 100000285
5, 22725, 100000275
5, 22728, 100000085
5, 22728, 575001697
5, 22728, 575000509
5, 22728, 575000507
5, 22728, 575001705
5, 22728, 100000362
5, 22728, 100000285
5, 22728, 100000275
5, 22728, 100000234
5, 22728, 575000498
5, 575000859, 100000085
5, 575000859, 100000234
5, 575000859, 575001705
5, 575000859, 575001697
5, 575000859, 575000509
5, 575000859, 575000507
5, 575000859, 575000498
5, 575000859, 100000362
5, 575000859, 100000285
5, 575000859, 100000275
5, 575002363, 100000085
5, 575002363, 575001697
5, 575002363, 575000508
5, 575002363, 575000507
5, 575002363, 575001705
5, 575002363, 100000362
5, 575002363, 100000285
5, 575002363, 100000275
5, 575002363, 100000234
5, 575002363, 575000496
5, 775000004, 100000085
5, 775000004, 100000234
5, 775000004, 100000275
5, 775000004, 100000285
5, 775000004, 100000362
5, 775000004, 575000500
5, 775000004, 575000506
5, 775000004, 575000508
5, 775000004, 575001697
5, 775000004, 575001705
5, 775000993, 575001697
5, 775000993, 575000508
5, 775000993, 575001705
5, 775000993, 100000085
5, 775000993, 100000234
5, 775000993, 100000275
5, 775000993, 100000285
5, 775000993, 100000362
5, 775000993, 575000500
5, 775000993, 575000506
5, 775000994, 100000085
5, 775000994, 575001697
5, 775000994, 575000508
5, 775000994, 575000506
5, 775000994, 575001705
5, 775000994, 100000362
5, 775000994, 100000285
5, 775000994, 100000275
5, 775000994, 100000234
5, 775000994, 575000500
5, 775000995, 575001697
5, 775000995, 575000508
5, 775000995, 575000506
5, 775000995, 575000500
5, 775000995, 100000362
5, 775000995, 100000285
5, 775000995, 100000275
5, 775000995, 100000234
5, 775000995, 100000085
5, 775000995, 575001705
5, 775000996, 100000285
5, 775000996, 100000275
5, 775000996, 100000234
5, 775000996, 100000085
5, 775000996, 575001705
5, 775000996, 575000500
5, 775000996, 575000506
5, 775000996, 575000508
5, 775000996, 575001697
5, 775000996, 100000362
5, 775000997, 100000285
5, 775000997, 100000275
5, 775000997, 100000234
5, 775000997, 100000085
5, 775000997, 100000362
5, 775000997, 575001705
5, 775000997, 575001697
5, 775000997, 575000508
5, 775000997, 575000506
5, 775000997, 575000496
5, 775000998, 100000085
5, 775000998, 100000234
5, 775000998, 100000275
5, 775000998, 100000285
5, 775000998, 575001705
5, 775000998, 575000508
5, 775000998, 575000506
5, 775000998, 575000496
5, 775000998, 100000362
5, 775000998, 575001697
5, 775000999, 100000362
5, 775000999, 575000499
5, 775000999, 575000507
5, 775000999, 575000509
5, 775000999, 575001697
5, 775000999, 575001705
5, 775000999, 100000085
5, 775000999, 100000234
5, 775000999, 100000275
5, 775000999, 100000285
5, 775001000, 100000085
5, 775001000, 100000234
5, 775001000, 100000275
5, 775001000, 100000285
5, 775001000, 100000362
5, 775001000, 575000499
5, 775001000, 575000507
5, 775001000, 575000509
5, 775001000, 575001697
5, 775001000, 575001705
5, 775001002, 575001697
5, 775001002, 575000509
5, 775001002, 575000507
5, 775001002, 575000500
5, 775001002, 575001705
5, 775001002, 100000285
5, 775001002, 100000275
5, 775001002, 100000234
5, 775001002, 100000085
5, 775001002, 100000362
5, 775001003, 575001697
5, 775001003, 575000509
5, 775001003, 575000507
5, 775001003, 575000500
5, 775001003, 100000362
5, 775001003, 100000285
5, 775001003, 100000275
5, 775001003, 100000234
5, 775001003, 100000085
5, 775001003, 575001705
5, 775001004, 100000085
5, 775001004, 100000234
5, 775001004, 575001705
5, 775001004, 575001697
5, 775001004, 575000509
5, 775001004, 575000507
5, 775001004, 575000500
5, 775001004, 100000362
5, 775001004, 100000285
5, 775001004, 100000275
5, 775001005, 100000085
5, 775001005, 575001697
5, 775001005, 575000509
5, 775001005, 575000507
5, 775001005, 575001705
5, 775001005, 100000362
5, 775001005, 100000285
5, 775001005, 100000275
5, 775001005, 100000234
5, 775001005, 575000500
5, 775001116, 100000285
5, 775001116, 100000275
5, 775001116, 100000234
5, 775001116, 100000085
5, 775001116, 575001705
5, 775001116, 575000499
5, 775001116, 575000507
5, 775001116, 575000509
5, 775001116, 575001697
5, 775001116, 100000362
5, 775001117, 100000285
5, 775001117, 100000275
5, 775001117, 100000234
5, 775001117, 100000085
5, 775001117, 100000362
5, 775001117, 575001705
5, 775001117, 575001697
5, 775001117, 575000509
5, 775001117, 575000507
5, 775001117, 575000499
5, 775001118, 100000085
5, 775001118, 100000234
5, 775001118, 100000275
5, 775001118, 100000285
5, 775001118, 575001705
5, 775001118, 575000509
5, 775001118, 575000507
5, 775001118, 575000498
5, 775001118, 100000362
5, 775001118, 575001697
5, 775002424, 100000085
5, 775002424, 100000234
5, 775002424, 100000275
5, 775002424, 100000285
5, 775002424, 575001705
5, 775002424, 575000497
5, 775002424, 575000506
5, 775002424, 575000508
5, 775002424, 575001697
5, 775002424, 100000362
5, 775002728, 100000085
5, 775002728, 100000234
5, 775002728, 575001705
5, 775002728, 575001697
5, 775002728, 575000509
5, 775002728, 575000507
5, 775002728, 575000499
5, 775002728, 100000362
5, 775002728, 100000285
5, 775002728, 100000275
5, 775002731, 100000085
5, 775002731, 575001697
5, 775002731, 575000509
5, 775002731, 575000507
5, 775002731, 575001705
5, 775002731, 100000362
5, 775002731, 100000285
5, 775002731, 100000275
5, 775002731, 100000234
5, 775002731, 575000496
6, 2, "Democrat", "D", 2, "Democrat"
6, 3, "Republican", "R", 3, "Republican"
6, 4, "Libertarian", "L", 4, "Libertarian"
6, 5, "Reform", "REF", 5, "Reform"
6, 6, "Natural Law", "N", 6, "Natural Law"
6, 8, "Constitution", "C", 8, "Constitution"
6, 9, "Green", "G", 9, "Green"
6, 10, "America First", "A", 10, "America First"
6, 11, "Independent", "I", 11, "Independent"
6, 12, "Nonpartisan", "NP", 12, "Nonpartisan"
6, 575000001, "Justice", "JUS", 575000001, "Justice"
6, 575000002, "Prohibition", "PRO", 575000002, "Prohibition"
6, 575000003, "American Delta", "ADP", 575000003, "American Delta"
6, 575000004, "Veterans", "VET", 575000004, "Veterans"
7, 575021152, "Governor",0, 0, 100000275, 1, 1, "State Of Mississippi\nGovernor\n4 YEAR TERM\nVote for ONE", 0, 0
7, 575020972, "Lieutenant Governor",0, 0, 100000275, 1, 1, "State Of Mississippi\nLieutenant Governor\n4 YEAR TERM\nVote for ONE", 0, 0
7, 575020973, "Secretary Of State",0, 0, 100000275, 1, 1, "State Of Mississippi\nSecretary Of State\n4 YEAR TERM\nVote for ONE", 0, 0
7, 575021151, "Attorney General",0, 0, 100000275, 1, 1, "State Of Mississippi\nAttorney General\n4 YEAR TERM\nVote for ONE", 0, 0
7, 575020974, "State Auditor",0, 0, 100000275, 1, 1, "State Of Mississippi\nState Auditor\n4 YEAR TERM\nVote for ONE", 0, 0
7, 575020975, "State Treasurer",0, 0, 100000275, 1, 1, "State Of Mississippi\nState Treasurer\n4 YEAR TERM\nVote for ONE", 0, 0
7, 575020970, "Commissioner Of Agriculture & Commerce",0, 0, 100000275, 1, 1, "State Of Mississippi\nCommissioner Of Agriculture & Commerce\n4 YEAR TERM\nVote for ONE", 0, 0
7, 575020971, "Commissioner Of Insurance",0, 0, 100000275, 1, 1, "State Of Mississippi\nCommissioner Of Insurance\n4 YEAR TERM\nVote for ONE", 0, 0
7, 575021144, "Northern District",0, 0, 575001705, 1, 1, "Public Service Commissioner\nNorthern District\n4 YEAR TERM\nVote for ONE", 0, 0
7, 575021153, "Northern District",0, 0, 575001697, 1, 1, "Transportation Commissioner\nNorthern District\n4 YEAR TERM\nVote for ONE", 0, 0
7, 575020980, "District 05",0, 0, 100000362, 1, 1, "District Attorney 05\nDistrict 05\n4 YEAR TERM\nVote for ONE", 0, 0
7, 575021007, "District 15",0, 0, 100000234, 1, 1, "State Senate 15\nDistrict 15\n4 YEAR TERM\nVote for ONE", 0, 0
7, 575021090, "District 35",0, 0, 100000085, 1, 1, "State House Of Rep 35\nDistrict 35\n4 YEAR TERM\nVote for ONE", 0, 0
7, 575021524, "Chancery Clerk",0, 0, 100000285, 1, 1, "Choctaw\nChancery Clerk\n4 YEAR TERM\nVote for ONE", 0, 0
7, 575021525, "Circuit Clerk",0, 0, 100000285, 1, 1, "Choctaw\nCircuit Clerk\n4 YEAR TERM\nVote for ONE", 0, 0
7, 575021526, "Coroner",0, 0, 100000285, 1, 1, "Choctaw\nCoroner\n4 YEAR TERM\nVote for ONE", 0, 0
7, 575021527, "Sheriff",0, 0, 100000285, 1, 1, "Choctaw\nSheriff\n4 YEAR TERM\nVote for ONE", 0, 0
7, 575021528, "Tax Assessor Collector",0, 0, 100000285, 1, 1, "Choctaw\nTax Assessor Collector\n4 YEAR TERM\nVote for ONE", 0, 0
7, 575021533, "Supervisor 01",0, 0, 575000496, 1, 1, "Supervisor 01\nSupervisor 01\n4 YEAR TERM\nVote for ONE", 0, 0
7, 575021534, "Supervisor 02",0, 0, 575000497, 1, 1, "Supervisor 02\nSupervisor 02\n4 YEAR TERM\nVote for ONE", 0, 0
7, 575021535, "Supervisor 03",0, 0, 575000498, 1, 1, "Supervisor 03\nSupervisor 03\n4 YEAR TERM\nVote for ONE", 0, 0
7, 575021536, "Supervisor 04",0, 0, 575000499, 1, 1, "Supervisor 04\nSupervisor 04\n4 YEAR TERM\nVote for ONE", 0, 0
7, 575021537, "Supervisor 05",0, 0, 575000500, 1, 1, "Supervisor 05\nSupervisor 05\n4 YEAR TERM\nVote for ONE", 0, 0
7, 575021531, "Justice Court Judge Post 1",0, 0, 575000506, 1, 1, "Justice Court Judge Post 1\nJustice Court Judge Post 1\n4 YEAR TERM\nVote for ONE", 0, 0
7, 575021532, "Justice Court Judge Post 2",0, 0, 575000507, 1, 1, "Justice Court Judge Post 2\nJustice Court Judge Post 2\n4 YEAR TERM\nVote for ONE", 0, 0
7, 575021529, "Constable Post 01",0, 0, 575000508, 1, 1, "Constable Post 01\nConstable Post 01\n4 YEAR TERM\nVote for ONE", 0, 0
7, 575021530, "Constable Post 02",0, 0, 575000509, 1, 1, "Constable Post 02\nConstable Post 02\n4 YEAR TERM\nVote for ONE", 0, 0
8, 575021152, 1, "HOOD JAMES MATTHEW",0, 1, 2, "Jim Hood"
8, 575021152, 2, "REEVES JONATHAN TATE",0, 2, 3, "Tate Reeves"
8, 575021152, 3, "HICKINGBOTTOM BOBBY",0, 3, 8, "Bob Hickingbottom"
8, 575021152, 4, "SINGLETARY DAVID ROY",0, 4, 11, "David R. Singletary"
8, 575020972, 1, "HOSEMANN CHARLES DELBERT",0, 1, 3, "Delbert Hosemann"
8, 575020972, 2, "HUGHES J P",0, 2, 2, "Jay Hughes"
8, 575020973, 1, "DUPREE JOHNNY LEE",0, 1, 2, "Johnny DuPree"
8, 575020973, 2, "WATSON MICHAEL DAVID",0, 2, 3, "Michael Watson"
8, 575021151, 1, "COLLINS JENNIFER A",0, 1, 2, "Jennifer Riley Collins"
8, 575021151, 2, "FITCH LYNN",0, 2, 3, "Lynn Fitch"
8, 575020974, 1, "WHITE SHADRACK TUCKER",0, 1, 3, "Shad White"
8, 575020975, 1, "GREEN ADDIE LEE",0, 1, 2, "Addie Lee Green"
8, 575020975, 2, "MCRAE DAVID MCINNIS",0, 2, 3, "David McRae"
8, 575020970, 1, "COLE RICKEY LYNN",0, 1, 2, "Rickey L. Cole"
8, 575020970, 2, "GIPSON JAMES ANDREW",0, 2, 3, "Andy Gipson"
8, 575020971, 1, "AMOS ROBERT",0, 1, 2, "Robert E. Amos"
8, 575020971, 2, "CHANEY MICHAEL JACKSON",0, 2, 3, "Mike Chaney"
8, 575021144, 1, "PRESLEY BRANDON EVERITT",0, 1, 2, "Brandon Presley"
8, 575021153, 1, "CALDWELL JOHN M M",0, 1, 3, "John Caldwell"
8, 575021153, 2, "GRIST JOE T",0, 2, 2, "Joe T. 'Joey' Grist"
8, 575020980, 1, "EVANS CHARLES DOUGLAS",0, 1, 2, "Doug Evans"
8, 575021007, 1, "JACKSON GARY DALE",0, 1, 3, "Gary Jackson"
8, 575021090, 1, "HOOD BOBBY J",0, 1, 3, "Joey Hood"
8, 575021524, 1, "KING KENNETH A",0, 1, 3, "Kenny King"
8, 575021524, 2, "MONTGOMERY STEVE",0, 2, 2, "Steve Montgomery"
8, 575021525, 1, "BURDINE AMY",0, 1, 3, "Amy Burdine"
8, 575021526, 1, "COLEMAN JEFFERY KEITH",0, 1, 2, "Keith Coleman"
8, 575021527, 1, "BUSBY BOBBY BRANDON",0, 1, 2, "Brandon Busby"
8, 575021527, 2, "CONNELL KEVIN LESTER",0, 2, 3, "Kevin Connell"
8, 575021528, 1, "KERR LORI POWER",0, 1, 2, "Lori Power Kerr"
8, 575021533, 1, "MILES JACK WARREN",0, 1, 3, "Warren Miles"
8, 575021533, 2, "STEPHENSON JOEY DAVIS",0, 2, 2, "Joey Stephenson"
8, 575021534, 1, "BROWN HENRY LEE",0, 1, 2, "Henry L. Brown"
8, 575021534, 2, "FONDREN GREG",0, 2, 3, "Greg Fondren"
8, 575021535, 1, "MCINTIRE CHRISTOPHER KING",0, 1, 3, "Chris McIntire"
8, 575021535, 2, "WEEKS JOHN M",0, 2, 2, "Mitch Weeks"
8, 575021536, 1, "BURTON BOBBY",0, 1, 3, "Bobby Burton"
8, 575021536, 2, "SHUMAKER JOHN AVERY",0, 2, 2, "John Avery Shumaker"
8, 575021537, 1, "BRUCE MARK",0, 1, 3, "Mark Bruce"
8, 575021537, 2, "PEDEN WILLIAM DOUGLAS",0, 2, 2, "William D. 'Bill' Peden"
8, 575021531, 1, "SMITH PHILLIP B",0, 1, 3, "Phillip Smith"
8, 575021531, 2, "STEPHENSON WILLIAM A",0, 2, 2, "William A. 'Andy' Stephenson"
8, 575021532, 1, "WEEKS TERESA",0, 1, 2, "Teresa Weeks"
8, 575021529, 1, "RAYBOURN THOMAS HAROLD",0, 1, 3, "Thomas Harold Raybourn"
8, 575021530, 1, "CARTER ROY D",0, 1, 2, "Roy Dun Carter"
