9, "10", 775020730, 2, 775031635
, , , , 0
9, "10", 775020731, 1, 775031626
, , , , 0
9, "10", 775020738, 5, 775031646
9, "10", 775020738, 8, 775031647
9, "10", 775020738, 9, 775031648
9, "10", 775020738, 1, 775031649
9, "10", 775020738, 7, 775031650
9, "10", 775020738, 3, 775031651
9, "10", 775020738, 4, 775031652
9, "10", 775020738, 6, 775031653
9, "10", 775020738, 2, 775031654
9, "10", 775020738, 10, 775031655
, , , , 0
9, "10", 775020739, 2, 775031656
9, "10", 775020739, 1, 775031657
9, "10", 775020739, 3, 775031658
, , , , 0
9, "10", 775020740, 1, 775031631
9, "10", 775020740, 2, 775031632
9, "10", 775020740, 3, 775031633
, , , , 0
9, "10", 775020741, 1, 775031639
